"LPA" "MVPA" "SED"
"1" 0.973905285024018 0.00858576557686877 0.0175089493991135
"2" 0.818549613981972 0.00374797589124608 0.177702410126782
"3" 0.847804018250586 0.00451767264395751 0.147678309105457
"4" 0.580955515762833 0.105809763311227 0.31323472092594
"5" 0.0278801695257818 0.939817390680334 0.0323024397938843
"6" 0.022928936674602 0.92388290362481 0.0531881597005878
"7" 0.0259205056993518 0.932899839436954 0.0411796548636943
"8" 0.0226900385141531 0.949580842088179 0.0277291193976683
"9" 0.0398707552552321 0.00210539333780735 0.958023851406961
"10" 0.046347774507417 0.00299773514395812 0.950654490348625
"11" 0.0430620215023649 0.00296885713546883 0.953969121362166
"12" 0.0333566105867936 0.918965623002244 0.0476777664109624
"13" 0.0425195963724572 0.932750247268889 0.0247301563586533
"14" 0.0538522530732587 0.896013171408446 0.0501345755182957
"15" 0.00180398348975664 0.071004487152895 0.927191529357348
"16" 0.000725463290680206 0.087238642590941 0.912035894118379
"17" 0.000652744730501484 0.0784660850633419 0.920881170206157
"18" 0.000751445477750124 0.0878105351611125 0.911438019361137
"19" 0.000812315777157702 0.0936509312586511 0.905536752964191
"20" 0.000924889176209968 0.104707550238166 0.894367560585624
"21" 0.000902863280133406 0.102632151329796 0.89646498539007
"22" 0.0346678744605784 0.932128150588498 0.0332039749509234
"23" 0.0401321835760528 0.917534375346433 0.0423334410775139
"24" 0.0407662807564611 0.913506378108089 0.0457273411354499
"25" 0.0392735285912416 0.918483593608941 0.0422428777998177
"26" 0.0365437642506196 0.944745251591149 0.0187109841582314
"27" 0.0348594019848176 0.932026184064212 0.0331144139509704
"28" 0.0431336942279359 0.917534133565942 0.039332172206122
"29" 0.0253890036174093 0.909668865306899 0.0649421310756913
"30" 0.0196879427106107 0.904974183788538 0.0753378735008513
"31" 0.015137007046033 0.801353632585045 0.183509360368922
"32" 0.0153014359342653 0.856032119936672 0.128666444129063
"33" 0.114309343260504 0.75065794319902 0.135032713540476
"34" 0.0675231998097732 0.853580055861957 0.0788967443282696
"35" 0.0678341602557728 0.850248024987872 0.081917814756355
"36" 0.0642491858948191 0.859433147682863 0.0763176664223177
"37" 0.0971457253893019 0.812983034213648 0.0898712403970503
"38" 0.238083348432496 0.349182790648363 0.412733860919142
"39" 0.137029967145908 0.69336813677065 0.169601896083442
"40" 0.269831221062304 0.612458244986262 0.117710533951435
"41" 0.000492201204414213 0.0626181015071756 0.93688969728841
"42" 0.000501508912981847 0.0632791303415788 0.936219360745439
"43" 0.000525147444990687 0.0656966831242364 0.933778169430773
"44" 0.000525399595064249 0.0651173628773487 0.934357237527587
"45" 0.000537081737243798 0.0671191641260909 0.932343754136665
"46" 0.0757703164239118 0.838217303221045 0.0860123803550437
"47" 0.0936693501680504 0.79092898096286 0.11540166886909
"48" 0.0809698536304852 0.807996521625472 0.111033624744043
"49" 0.0852513395303441 0.818216650934905 0.0965320095347514
"50" 0.0647648497128998 0.867205769800728 0.068029380486372
"51" 0.030096346444408 0.925661495139648 0.0442421584159439
"52" 0.026961763849077 0.927211634514429 0.0458266016364941
"53" 0.0439058630268373 0.925985403497717 0.0301087334754462
"54" 0.0534076179832278 0.881978291637177 0.0646140903795953
"55" 0.0635244997375288 0.862942563751478 0.0735329365109934
"56" 0.0556183535698641 0.876540375377933 0.0678412710522026
"57" 0.0628061229246083 0.857257641063255 0.0799362360121365
"58" 0.0784126488321217 0.834836144021691 0.0867512071461869
"59" 0.134939486006075 0.672014488766518 0.193046025227406
"60" 0.0419012100616379 0.914373775934406 0.0437250140039556
"61" 0.0343990613155566 0.92728677007716 0.0383141686072833
"62" 0.310623244982206 0.0772914911742651 0.612085263843529
"63" 0.212816357859145 0.0602898895614309 0.726893752579424
"64" 0.102703008849288 0.768770755947899 0.128526235202813
"65" 0.1067647806158 0.777818383083107 0.115416836301093
"66" 0.125231867778207 0.766592655789864 0.108175476431929
"67" 0.136460044229533 0.661264432589574 0.202275523180893
"68" 0.132795305985606 0.683867091121695 0.183337602892699
"69" 0.106595877341244 0.747353729939153 0.146050392719603
"70" 0.101418022180703 0.768034759739348 0.130547218079949
"71" 0.0765348728351659 0.830587903920987 0.0928772232438468
"72" 0.101020370058093 0.784210953241257 0.11476867670065
"73" 0.0984022941379749 0.758897179437699 0.142700526424326
"74" 0.0915915436412683 0.780678212202751 0.127730244155981
"75" 0.0772457815854923 0.821542002440439 0.101212215974069
"76" 0.193975043029373 0.0644523835389629 0.741572573431664
"77" 0.211951153719647 0.078215586384426 0.709833259895927
"78" 0.187224445616258 0.0675531946755635 0.745222359708179
"79" 0.0797643373930019 0.870389748735398 0.0498459138716001
"80" 0.0775963929014704 0.810428461172649 0.111975145925881
"81" 0.0984022941379749 0.758897179437699 0.142700526424326
"82" 0.00223278119436919 0.196149418419195 0.801617800386436
"83" 0.00194002145392669 0.172375073079382 0.825684905466691
"84" 0.00205327967828086 0.179906714081469 0.81804000624025
"85" 0.00288748149398067 0.241211204797034 0.755901313708985
"86" 0.00370001882878687 0.284156836608851 0.712143144562362
"87" 0.00370001882878687 0.284156836608851 0.712143144562362
"88" 0.26726562109021 0.550696295210066 0.182038083699724
"89" 0.93851389498088 0.00496688187418202 0.0565192231449375
"90" 0.867294061556194 0.00649260152524222 0.126213336918564
"91" 0.0106025074942358 0.00371718259834337 0.985680309907421
"92" 0.18132183061838 0.0167482969628125 0.801929872418808
"93" 0.00448966818969471 0.00241417774705921 0.993096154063246
"94" 0.0362149804320918 0.00417366361364412 0.959611355954264
"95" 0.771612094166308 0.0124941739262061 0.215893731907486
"96" 0.941887448271265 0.00284626113673232 0.0552662905920023
"97" 0.955126410814493 0.00798765747672206 0.0368859317087844
"98" 0.985761821699953 0.0137210878277 0.000517090472347366
"99" 0.9859104738625 0.013371348492296 0.000718177645204178
"100" 0.988391286287451 0.0101513783221154 0.00145733539043344
"101" 0.987643741916911 0.0113372375610227 0.00101902052206588
"102" 0.98785130134428 0.0111407883161981 0.0010079103395218
"103" 0.987869905900465 0.0099610427518056 0.00216905134772951
"104" 0.988593238413099 0.00979849651461917 0.00160826507228154
"105" 0.988064407056161 0.0102452559831717 0.00169033696066733
"106" 0.988223674454103 0.00993831815790317 0.00183800738799431
"107" 0.990613594150271 0.00766671573398175 0.00171969011574717
"108" 0.990936063035752 0.00747836811736365 0.00158556884688451
"109" 0.991397276066259 0.00734352774429728 0.00125919618944359
"110" 0.991385232872254 0.00736698644932669 0.00124778067841951
"111" 0.991385232872254 0.00736698644932669 0.00124778067841951
"112" 0.991464178618584 0.0071148398505137 0.00142098153090199
"113" 0.991464178618584 0.0071148398505137 0.00142098153090199
"114" 0.991514715804166 0.00699811033203968 0.0014871738637947
"115" 0.991651159206344 0.00668028836064934 0.00166855243300637
"116" 0.991651159206344 0.00668028836064934 0.00166855243300637
"117" 0.991525667356768 0.00679742989482897 0.00167690274840333
"118" 0.991640068823299 0.00687024032255251 0.00148969085414877
"119" 0.991640068823299 0.00687024032255251 0.00148969085414877
"120" 0.991667596060673 0.0066189864935454 0.00171341744578159
"121" 0.99012709590787 0.00827189405420801 0.00160101003792207
"122" 0.989641136008272 0.00878504137946592 0.00157382261226189
"123" 0.989743898570792 0.00875567651266565 0.00150042491654187
"124" 0.989743898570792 0.00875567651266565 0.00150042491654187
"125" 0.98980322764448 0.00867143415120821 0.00152533820431144
"126" 0.989743898570792 0.00875567651266565 0.00150042491654187
"127" 0.989756289654849 0.00874558692250493 0.0014981234226462
"128" 0.989743898570792 0.00875567651266565 0.00150042491654187
"129" 0.989756289654849 0.00874558692250493 0.0014981234226462
"130" 0.989743898570792 0.00875567651266565 0.00150042491654187
"131" 0.989743898570792 0.00875567651266565 0.00150042491654187
"132" 0.989901151582784 0.00878415135968879 0.00131469705752699
"133" 0.989929798723449 0.00846793439995091 0.00160226687659983
"134" 0.989726197032413 0.00887415872155043 0.00139964424603702
"135" 0.990163145802059 0.00825725019391439 0.00157960400402664
"136" 0.989829757041208 0.00866340612554189 0.00150683683324991
"137" 0.989810156019439 0.0085277519794141 0.00166209200114681
"138" 0.990496921514246 0.00730497454769357 0.0021981039380601
"139" 0.991275127009639 0.00683490355765973 0.00188996943270129
"140" 0.990475737279051 0.00747665803822897 0.00204760468272006
"141" 0.989385889765631 0.00893159961499599 0.00168251061937279
"142" 0.989318574502533 0.00902501709378056 0.00165640840368652
"143" 0.989088528314314 0.00947737534412841 0.00143409634155766
"144" 0.989274226137429 0.00899008582743792 0.00173568803513327
"145" 0.989816086789099 0.00809612165061276 0.00208779156028809
"146" 0.990228792676547 0.00827000373075636 0.00150120359269663
"147" 0.990361940468876 0.00791198308179058 0.00172607644933316
"148" 0.990361940468876 0.00791198308179058 0.00172607644933316
"149" 0.990373672359858 0.00790411996481079 0.00172220767533121
"150" 0.990451097271276 0.00777643385866194 0.00177246887006196
"151" 0.990337468136455 0.0080303435892239 0.00163218827432069
"152" 0.990301465117257 0.00817099359675698 0.00152754128598546
"153" 0.990337468136455 0.0080303435892239 0.00163218827432069
"154" 0.990420030021301 0.0077652479103277 0.00181472206837135
"155" 0.990659086257345 0.00758856872159677 0.00175234502105766
"156" 0.989437456744211 0.00910111762377593 0.00146142563201326
"157" 0.990984569840811 0.00723169846274931 0.00178373169643981
"158" 0.99100508968015 0.0069376233914807 0.00205728692836893
"159" 0.991324086095058 0.0068757059727647 0.00180020793217757
"160" 0.991335907577269 0.00682925066782555 0.0018348417549052
"161" 0.991313165951154 0.00690936135313375 0.00177747269571166
"162" 0.991270221628459 0.00708493982990726 0.00164483854163384
"163" 0.99009275763115 0.00892831116680118 0.000978931202049409
"164" 0.990361940468876 0.00791198308179058 0.00172607644933316
"165" 0.990361940468876 0.00791198308179058 0.00172607644933316
"166" 0.990361940468876 0.00791198308179058 0.00172607644933316
"167" 0.990361940468876 0.00791198308179058 0.00172607644933316
"168" 0.990361940468876 0.00791198308179058 0.00172607644933316
"169" 0.990361940468876 0.00791198308179058 0.00172607644933316
"170" 0.990361940468876 0.00791198308179058 0.00172607644933316
"171" 0.990362804331987 0.00791071105014422 0.00172648461786912
"172" 0.990401689934485 0.00783887767672657 0.00175943238878869
"173" 0.990361940468876 0.00791198308179058 0.00172607644933316
"174" 0.990125691215571 0.00854831729991793 0.00132599148451119
"175" 0.990950441558386 0.007350767596057 0.00169879084555695
"176" 0.990977201924808 0.00728889444222783 0.00173390363296384
"177" 0.991122830075347 0.00728147615438905 0.00159569377026418
"178" 0.985435778628342 0.014067916497322 0.000496304874335727
"179" 0.657165754395032 0.00995746089697797 0.33287678470799
"180" 0.657887923094275 0.010330275864004 0.331781801041721
"181" 0.665315980155104 0.0088314056316365 0.32585261421326
"182" 0.612403203435976 0.008334499179967 0.379262297384057
"183" 0.422830073507748 0.109640204948561 0.467529721543691
"184" 0.0468540757218907 0.00182630690635012 0.951319617371759
"185" 0.0483397986721507 0.00227893067824916 0.9493812706496
"186" 0.047837182787755 0.00284468912517046 0.949318128087074
"187" 0.0429236001233443 0.00211468596734425 0.954961713909311
"188" 0.0387629775889796 0.00164017708311452 0.959596845327906
"189" 0.103876212055986 0.00378194946105718 0.892341838482957
"190" 0.0262203568147721 0.953469369535456 0.0203102736497718
"191" 0.0271342575225975 0.950020225537618 0.0228455169397841
"192" 0.0253094699050252 0.953603741439308 0.0210867886556668
"193" 0.0253660970743848 0.95228338808453 0.0223505148410856
"194" 0.025374986513164 0.952215062710656 0.0224099507761798
"195" 0.0255382598123453 0.95218905260456 0.0222726875830949
"196" 0.0253660970743848 0.95228338808453 0.0223505148410856
"197" 0.0249188608166041 0.953174881681481 0.0219062575019153
"198" 0.956949111383285 0.0151628150951361 0.0278880735215788
"199" 0.0135130645159227 3.02624160503021e-05 0.986456673068027
"200" 0.890701421770168 0.00676440349343897 0.102534174736393
"201" 0.478222130605505 0.0191529859197586 0.502624883474736
"202" 0.976222750337344 0.0199785215553903 0.0037987281072653
"203" 0.24037908483278 0.00111299479665256 0.758507920370568
"204" 0.195680604858107 0.000890470257013907 0.803428924884879
"205" 0.382287645320649 0.00183628412424349 0.615876070555107
"206" 0.223382079027081 0.000965550780052427 0.775652370192867
"207" 0.217645126920043 0.000934879779726994 0.78141999330023
"208" 0.242785888859478 0.00101904374389474 0.756195067396628
"209" 0.182359082816353 0.000692075506811116 0.816948841676836
"210" 0.399378689605447 0.00189450791369503 0.598726802480859
"211" 0.270260170152052 0.00111231886461652 0.728627510983332
"212" 0.193002369336945 0.000731276274439838 0.806266354388616
"213" 0.248329804993052 0.000970713575575157 0.750699481431373
"214" 0.214292333957675 0.000841612950789681 0.784866053091536
"215" 0.214884331515098 0.00082940432248222 0.78428626416242
"216" 0.205259627351087 0.000773984860364789 0.793966387788548
"217" 0.194292874706229 0.000738109787444513 0.804969015506326
"218" 0.207335516885912 0.000806696035258297 0.79185778707883
"219" 0.607568754106846 0.00390017552350928 0.388531070369644
"220" 0.672438917330337 0.00474585384121613 0.322815228828447
"221" 0.228389532503395 0.000893355596121946 0.770717111900483
"222" 0.206855152461395 0.000782140508799129 0.792362707029806
"223" 0.208290181439024 0.000789607684340523 0.790920210876635
"224" 0.216609180654789 0.00083299967543762 0.782557819669773
"225" 0.208290181439024 0.000789607684340523 0.790920210876635
"226" 0.574937756675517 0.00262479527947657 0.422437448045006
"227" 0.272894652655469 0.00103197828939052 0.72607336905514
"228" 0.223955643539137 0.000846905645828868 0.775197450815034
"229" 0.225499741045494 0.00085082361510738 0.773649435339399
"230" 0.239648341311529 0.000929290393854526 0.759422368294617
"231" 0.524992474151254 0.00260845181137584 0.47239907403737
"232" 0.535551619731397 0.00230614564414189 0.462142234624461
"233" 0.532956360849537 0.00217154480092692 0.464872094349537
"234" 0.571082437586235 0.00229367930464519 0.42662388310912
"235" 0.695542374584256 0.0033177341381538 0.30113989127759
"236" 0.572945863657865 0.00320325328498429 0.42385088305715
"237" 0.717114059930571 0.00683425587166961 0.276051684197759
"238" 0.68079139122445 0.00727343808466729 0.311935170690883
"239" 0.663633452678923 0.00800756462127486 0.328358982699802
"240" 0.662526475450678 0.0086010788688178 0.328872445680504
"241" 0.66157366422491 0.00888193969425824 0.329544396080832
"242" 0.563309196930926 0.00294553562598984 0.433745267443084
"243" 0.246669646128714 0.000934125068997445 0.752396228802289
"244" 0.246669646128714 0.000934125068997445 0.752396228802289
"245" 0.271097179279947 0.00103714507582435 0.727865675644229
"246" 0.276623786211777 0.0010670888943973 0.722309124893825
"247" 0.246669646128714 0.000934125068997445 0.752396228802289
"248" 0.268098724370499 0.00101130129681626 0.730889974332684
"249" 0.246669646128714 0.000934125068997445 0.752396228802289
"250" 0.316980471730898 0.00121768683265728 0.681801841436445
"251" 0.284565249713398 0.00105813883585511 0.714376611450746
"252" 0.289539225490006 0.0010842860800721 0.709376488429922
"253" 0.459297423315767 0.00260094360153556 0.538101633082697
"254" 0.449796661847443 0.00252737809255529 0.547675960060002
"255" 0.370055642888848 0.00153053630083704 0.628413820810314
"256" 0.325158450732863 0.00125943182122098 0.673582117445916
"257" 0.375688031782118 0.00150356933558536 0.622808398882297
"258" 0.336747302837956 0.00127019354654838 0.661982503615496
"259" 0.344969377710595 0.00131381082071799 0.653716811468687
"260" 0.388587978479501 0.00148548776598486 0.609926533754514
"261" 0.441034161179608 0.0016968313893432 0.557269007431049
"262" 0.43110300856604 0.00164954637055358 0.567247445063407
"263" 0.43110300856604 0.00164954637055358 0.567247445063407
"264" 0.43110300856604 0.00164954637055358 0.567247445063407
"265" 0.448500912391754 0.00175654924730397 0.549742538360941
"266" 0.492060118717643 0.00194259635444322 0.505997284927914
"267" 0.568987756374342 0.00238009804065337 0.428632145585005
"268" 0.803442814201274 0.00580223431221481 0.190754951486511
"269" 0.447689523623546 0.00241765268744397 0.54989282368901
"270" 0.496509204337867 0.00226920486255924 0.501221590799574
"271" 0.329963870532765 0.00135064643943231 0.668685483027803
"272" 0.349917297838857 0.00142695771875005 0.648655744442393
"273" 0.342279172155104 0.00136690244674226 0.656353925398154
"274" 0.317709314687722 0.00128013353926144 0.681010551773017
"275" 0.326204868743016 0.00127770495169596 0.672517426305289
"276" 0.322569117091137 0.00125741948224301 0.67617346342662
"277" 0.39038236350757 0.00151037307259106 0.608107263419839
"278" 0.335255400668607 0.00126834033043239 0.663476259000961
"279" 0.336968055662682 0.00127311351980391 0.661758830817514
"280" 0.345336934542352 0.00132527572457099 0.653337789733077
"281" 0.345336934542352 0.00132527572457099 0.653337789733077
"282" 0.33373560100468 0.00125671723610753 0.665007681759212
"283" 0.347063915163759 0.00133012317491534 0.651605961661326
"284" 0.336968055662682 0.00127311351980391 0.661758830817514
"285" 0.336632197291945 0.00127011699798347 0.662097685710071
"286" 0.375168441510229 0.00141774267530334 0.623413815814468
"287" 0.651869200240635 0.00446392550058842 0.343666874258776
"288" 0.00032713081515923 0.0441142879313724 0.955558581253468
"289" 0.141231084060312 0.675974202171117 0.182794713768572
"290" 0.155767583937696 0.606588167568402 0.237644248493902
"291" 0.138819011948858 0.660327173935899 0.200853814115243
"292" 0.170667749354201 0.503496457097392 0.325835793548406
"293" 0.178401842191205 0.487236749574719 0.334361408234076
"294" 0.250069316074673 0.274752805533984 0.475177878391343
"295" 0.218469635154243 0.311184650842134 0.470345714003623
"296" 0.22241651283559 0.296542494901253 0.481040992263157
"297" 0.22241651283559 0.296542494901253 0.481040992263157
"298" 0.204127418638769 0.449245699595801 0.34662688176543
"299" 0.121309112386833 0.691861162985681 0.186829724627487
"300" 0.0254414399421006 0.834195198371844 0.140363361686056
"301" 0.0213222245818746 0.911831496049517 0.0668462793686086
"302" 0.0174221650219304 0.79963918364448 0.18293865133359
"303" 0.00507364640919069 0.367781663859288 0.627144689731521
"304" 0.00160617689296915 0.153539148339706 0.844854674767325
"305" 0.00139200513458056 0.132810518162157 0.865797476703263
"306" 0.00202001211360577 0.191020531916779 0.806959455969616
"307" 0.000635393006619956 0.0711233184925331 0.928241288500847
"308" 0.00066712880127998 0.0763193899937965 0.923013481204924
"309" 0.000953792953455543 0.10933897560357 0.889707231442975
"310" 0.00102623998754687 0.115257547495669 0.883716212516784
"311" 0.000909411522355216 0.103616165470629 0.895474423007016
"312" 0.000998727239047196 0.117860373631112 0.881140899129841
"313" 0.104175224562679 0.822717637963728 0.073107137473593
"314" 0.154797953999243 0.645690800916768 0.199511245083989
"315" 0.160957675454026 0.629103576629736 0.209938747916239
"316" 0.0749467811319782 0.876641598758976 0.0484116201090461
"317" 0.0369731918006102 0.938840148685794 0.0241866595135961
"318" 0.037211418019423 0.938466644015158 0.0243219379654184
"319" 0.0372672219317189 0.937865878704477 0.0248668993638042
"320" 0.0372672219317189 0.937865878704477 0.0248668993638042
"321" 0.0376707113054445 0.936719516719903 0.0256097719746526
"322" 0.0361686840478973 0.940179630765223 0.0236516851868796
"323" 0.0476151425929756 0.936354097416928 0.0160307599900962
"324" 0.881751837174287 0.00512799988248881 0.113120162943224
"325" 0.465028317899655 0.00190765340133418 0.533064028699011
"326" 0.0320700454104043 0.00107730740375558 0.96685264718584
"327" 0.00410600324910727 0.00185516228466382 0.994038834466229
"328" 0.00502243380819548 0.000949085647462492 0.994028480544342
"329" 0.004215910410512 0.000781936648869483 0.995002152940619
"330" 0.00233322432303177 0.000830929021283417 0.996835846655685
"331" 0.00339008353407193 0.000659360065277707 0.99595055640065
"332" 0.00311426132700292 0.000781690160065669 0.996104048512931
"333" 0.00282257537325219 0.000601959074894861 0.996575465551853
"334" 0.00558029467152042 0.000703776800821999 0.993715928527658
"335" 0.0093479065573178 0.00176243894758005 0.988889654495102
"336" 0.198691059479812 0.00675236694060255 0.794556573579585
"337" 0.0868178551933217 0.00822622281251005 0.904955921994168
"338" 0.888665264004166 0.0114874957788358 0.0998472402169979
"339" 0.991975419863783 0.00709525340093525 0.00092932673528158
"340" 0.988253398007501 0.00583857743115999 0.00590802456133878
"341" 0.97849898738936 0.00558223185565228 0.0159187807549876
"342" 0.98446749657436 0.00580999063743661 0.00972251278820325
"343" 0.983748753959297 0.00556879618127454 0.0106824498594283
"344" 0.987466554346285 0.00732598579799838 0.00520745985571688
"345" 0.985356567007619 0.00595887335463823 0.00868455963774302
"346" 0.985235013173365 0.00547893130290037 0.00928605552373463
"347" 0.989130836586823 0.00645493687399169 0.00441422653918497
"348" 0.989129078542343 0.00604090130408293 0.00483002015357412
"349" 0.989213854907442 0.00565599101163653 0.00513015408092203
"350" 0.989888229445367 0.00898877014999168 0.00112300040464113
"351" 0.988817680954643 0.00704200243918788 0.0041403166061689
"352" 0.989891908238274 0.00787849858055669 0.00222959318116871
"353" 0.988600387714598 0.00573782890079922 0.0056617833846027
"354" 0.988866115519605 0.00568066223816504 0.00545322224222999
"355" 0.989599100051014 0.00725549167552554 0.00314540827346042
"356" 0.989492389407658 0.00733631034678548 0.00317130024555617
"357" 0.98989780684627 0.00568985518374551 0.00441233796998492
"358" 0.989454651189779 0.00575936244555827 0.0047859863646623
"359" 0.987928241464687 0.0054875708377711 0.00658418769754161
"360" 0.987358595185568 0.00635635837402948 0.00628504644040197
"361" 0.693507445913879 0.00638363928302243 0.300108914803098
"362" 0.698938222154061 0.00649390417264254 0.294567873673296
"363" 0.712916773237135 0.00697279380670228 0.280110432956163
"364" 0.708010515882563 0.00662770457595224 0.285361779541485
"365" 0.68233041130019 0.00720928820505916 0.310460300494751
"366" 0.679893997691129 0.00747603663501704 0.312629965673854
"367" 0.68061487915973 0.00687528116650842 0.312509839673762
"368" 0.674277276329145 0.00766680116761693 0.318055922503238
"369" 0.674469328906511 0.00756458739545377 0.317966083698035
"370" 0.675565264874283 0.00761795352115017 0.316816781604567
"371" 0.671980126368647 0.00766522875035175 0.320354644881001
"372" 0.675380912862342 0.0070058952104477 0.31761319192721
"373" 0.719729290701128 0.00664939114980541 0.273621318149066
"374" 0.711466880941536 0.00710688903965873 0.281426230018806
"375" 0.711190914448836 0.00713293973204184 0.281676145819122
"376" 0.8311366900741 0.00706606751082011 0.16179724241508
"377" 0.687920526171929 0.0073371638239592 0.304742310004112
"378" 0.687882238344635 0.00721666606249669 0.304901095592869
"379" 0.684121394180911 0.0072480307111276 0.308630575107961
"380" 0.679893997691129 0.00747603663501704 0.312629965673854
"381" 0.679893997691129 0.00747603663501704 0.312629965673854
"382" 0.663822304299885 0.0090147187483437 0.327162976951771
"383" 0.664226371630126 0.00911290976826117 0.326660718601613
"384" 0.666247390396747 0.00874100303772623 0.325011606565527
"385" 0.664157669938578 0.00896268090628446 0.326879649155138
"386" 0.664097282633517 0.00914354637441124 0.326759170992072
"387" 0.663841169469329 0.00901975822182702 0.327139072308843
"388" 0.667019849890511 0.0087924886974248 0.324187661412064
"389" 0.666036937697622 0.00880154676881283 0.325161515533565
"390" 0.666036937697622 0.00880154676881283 0.325161515533565
"391" 0.667997141367739 0.00897058646450019 0.323032272167761
"392" 0.680114270257494 0.00690865592751815 0.312977073814988
"393" 0.68467318219614 0.00730001921963862 0.308026798584222
"394" 0.688793758566794 0.00707356381951453 0.304132677613692
"395" 0.690169537054845 0.00720081707147574 0.30262964587368
"396" 0.69035718671158 0.0070600600998483 0.302582753188572
"397" 0.689960166023968 0.00712719530318395 0.302912638672848
"398" 0.696952794754823 0.00700388940261181 0.296043315842565
"399" 0.714007120042654 0.00654327964134658 0.279449600316
"400" 0.424945802239426 0.00150992863713758 0.573544269123437
"401" 0.514164224720596 0.00239850277574072 0.483437272503663
"402" 0.887782205979105 0.00497392177894334 0.107243872241952
"403" 0.789277567890945 0.00457999702153617 0.206142435087519
"404" 0.897330230154583 0.00494477806387255 0.097724991781544
"405" 0.859409900902432 0.00398491289225488 0.136605186205313
"406" 0.863009388643639 0.00405193633660924 0.132938675019752
"407" 0.859409900902432 0.00398491289225488 0.136605186205313
"408" 0.940791429595322 0.00466941725451114 0.0545391531501673
"409" 0.847567403974134 0.00381592896161852 0.148616667064247
"410" 0.787716220355204 0.00339796646551016 0.208885813179286
"411" 0.787716220355204 0.00339796646551016 0.208885813179286
"412" 0.810223782924138 0.00367080352695778 0.186105413548904
"413" 0.818549613981972 0.00374797589124608 0.177702410126782
"414" 0.818549613981972 0.00374797589124608 0.177702410126782
"415" 0.818549613981972 0.00374797589124608 0.177702410126782
"416" 0.894707069428018 0.00845497081413707 0.0968379597578453
"417" 0.00273890995763046 0.00275150722796462 0.994509582814405
"418" 0.00175337354386127 0.00292031254338155 0.995326313912757
"419" 0.00513272778844583 0.00348697933576004 0.991380292875794
"420" 0.00654476008803991 0.00237573917217497 0.991079500739785
"421" 0.00277423037566282 0.00205143956600016 0.995174330058337
"422" 0.0118261246137218 0.00272514474806253 0.985448730638216
"423" 0.0138002573178 0.00406036077601139 0.982139381906189
"424" 0.00602866005777748 0.00236558054552321 0.991605759396699
"425" 0.00795903031201224 0.00271095415146118 0.989330015536527
"426" 0.438670085425454 0.0114782682520704 0.549851646322476
"427" 0.00637283754177851 0.00105628520906945 0.992570877249152
"428" 0.00697339624748271 0.00094623907591089 0.992080364676606
"429" 0.0486282875984192 0.00189728962850575 0.949474422773075
"430" 0.133688731913575 0.00429884314120453 0.86201242494522
"431" 0.00580649142790636 0.00195694359222746 0.992236564979866
"432" 0.00384583001137209 0.00321915489852598 0.992935015090102
"433" 0.00529561366899732 0.000598781679112759 0.99410560465189
"434" 0.0106322441876916 0.000840178215806363 0.988527577596502
"435" 0.00632205857687249 0.0171761893713266 0.976501752051801
"436" 0.0602457515042783 0.00103024275218736 0.938724005743534
"437" 0.0170516182564844 0.000415040423616734 0.982533341319899
"438" 0.0150544317250096 0.015063017097155 0.969882551177835
"439" 0.00423171129025721 0.00125368040917809 0.994514608300565
"440" 0.00649058733753365 0.00188986685509439 0.991619545807372
"441" 0.00286788338163276 0.00470041861996664 0.992431697998401
"442" 0.633187541468295 0.00393167199040306 0.362880786541302
"443" 0.839943670821579 0.00617707791911405 0.153879251259307
"444" 0.595339925159639 0.015009829296523 0.389650245543839
"445" 0.702303780721178 0.0148587230178269 0.282837496260995
"446" 0.00648673903342053 0.000644363048094767 0.992868897918485
"447" 0.0333383284366262 0.0044172758166694 0.962244395746704
"448" 0.207099371636377 0.000692512010458113 0.792208116353165
"449" 0.00956321981540451 0.000118118646379816 0.990318661538216
"450" 0.00448052719635239 0.00575894130798836 0.989760531495659
"451" 0.00642605836091256 0.00193827202980946 0.991635669609278
"452" 0.00350988609503995 0.0047922817713587 0.991697832133601
"453" 0.00278914072283704 0.00295634936784063 0.994254509909322
"454" 0.00418810312124291 0.00438383843222273 0.991428058446534
"455" 0.00217674312518679 0.00336411159154082 0.994459145283272
"456" 0.00197385787541655 0.00309847355544734 0.994927668569136
"457" 0.00211746504740529 0.00218322548125686 0.995699309471338
"458" 0.00180621886738302 0.00238665022920263 0.995807130903414
"459" 0.00177201534297909 0.00202533583667771 0.996202648820343
"460" 0.00190909005658535 0.00234614989081687 0.995744760052598
"461" 0.00212919666439573 0.00245236847942971 0.995418434856175
"462" 0.00195266715542361 0.00269428667532741 0.995353046169249
"463" 0.00234090900310255 0.00298059130683972 0.994678499690058
"464" 0.00213608910766788 0.0030990493331223 0.99476486155921
"465" 0.00183112465252431 0.000469330244567208 0.997699545102908
"466" 0.00269783525765202 2.20944886943928e-05 0.997280070253654
"467" 0.00129933247588517 1.91391335834957e-05 0.998681528390531
"468" 0.00124479617412787 1.29646970276942e-05 0.998742239128845
"469" 0.00166883680582314 5.46924663696529e-05 0.998276470727807
"470" 0.00214825209746905 0.00138507068162281 0.996466677220908
"471" 0.0022714570120551 0.00171815010061851 0.996010392887326
"472" 0.00245949054316191 0.00804475512387387 0.989495754332964
"473" 0.00440943998411766 0.00252742167315344 0.993063138342729
"474" 0.0228242790685013 0.0170370476119258 0.960138673319573
"475" 0.49296643183622 0.0339128002846599 0.47312076787912
"476" 0.00536723002915239 0.00423200321457044 0.990400766756277
"477" 0.00431038607296787 0.00190251585312185 0.99378709807391
"478" 0.0122345607766942 0.00319374507693871 0.984571694146367
"479" 0.0473672466402202 0.0103810329774815 0.942251720382298
"480" 0.00380340495207022 0.00255111485110202 0.993645480196828
"481" 0.00218491850342506 0.00170033509262141 0.996114746403953
"482" 0.00249340862705164 0.00172034400957612 0.995786247363372
"483" 0.00300194330572732 0.00216871393409406 0.994829342760179
"484" 0.00309234222836494 0.00156353055890305 0.995344127212732
"485" 0.00188175049834769 0.00155163216509618 0.996566617336556
"486" 0.00882865122851048 0.00407759124537765 0.987093757526112
"487" 0.11240150815334 0.0185177636846738 0.869080728161986
"488" 0.00225566471980412 0.00284284626017763 0.994901489020018
"489" 0.0045190539487851 0.00425634499332095 0.991224601057894
"490" 0.00225145585812851 0.00357629474887301 0.994172249392998
"491" 0.0027382510208371 0.00338399367571912 0.993877755303444
"492" 0.00764206251178055 0.00503827176321238 0.987319665725007
"493" 0.00361915457017625 0.00163128888589865 0.994749556543925
"494" 0.00354149137355064 0.00162503139598955 0.99483347723046
"495" 0.653114681476274 0.0347413749528787 0.312143943570847
"496" 0.0194127554685106 0.0046006759257555 0.975986568605734
"497" 0.370529569513918 0.0211403266185457 0.608330103867536
"498" 0.029470419016916 0.00831505154078847 0.962214529442296
"499" 0.0168432012351163 0.00241742149073298 0.980739377274151
"500" 0.00831758248287227 0.00329634056697846 0.988386076950149
"501" 0.0294687617153903 0.00753295288752986 0.96299828539708
"502" 0.140095418351861 0.000494456633202058 0.859410125014937
"503" 0.0147197239027635 2.76236376169053e-05 0.98525265245962
"504" 0.022073618046624 4.65031589612086e-05 0.977879878794415
"505" 0.0158555759654291 3.12611797921828e-05 0.984113162854779
"506" 0.0142818726113491 2.76297530933832e-05 0.985690497635558
"507" 0.0138683368306468 2.65275408336558e-05 0.98610513562852
"508" 0.0146986549190614 2.84455844982497e-05 0.98527289949644
"509" 0.0135898610219463 2.60133814840371e-05 0.98638412559657
"510" 0.0125421088293556 2.34538720121198e-05 0.987434437298632
"511" 0.0109438803276409 1.97196914349155e-05 0.989036399980924
"512" 0.0125421088293556 2.34538720121198e-05 0.987434437298632
"513" 0.0125421088293556 2.34538720121198e-05 0.987434437298632
"514" 0.0146195805527223 2.84783304311878e-05 0.985351941116846
"515" 0.156581679898964 0.000589874245405527 0.84282844585563
"516" 0.0674274299558695 0.000205760132435255 0.932366809911695
"517" 0.147833674621903 0.000593493835485495 0.851572831542612
"518" 0.045977316177131 0.000143005397394633 0.953879678425474
"519" 0.0506550878590186 0.000162335381203317 0.949182576759778
"520" 0.102680224585197 0.000377717465251322 0.896942057949552
"521" 0.0385238594858716 0.000115714186991687 0.961360426327137
"522" 0.0266674615757209 7.66087632168714e-05 0.973255929661062
"523" 0.0266674615757209 7.66087632168714e-05 0.973255929661062
"524" 0.0272724152274302 7.87854950465065e-05 0.972648799277523
"525" 0.0266246620000486 7.58354317749781e-05 0.973299502568176
"526" 0.0325788704898358 9.98838133427003e-05 0.967321245696822
"527" 0.0269505492611745 7.93136165351908e-05 0.97297013712229
"528" 0.0266246620000486 7.58354317749781e-05 0.973299502568176
"529" 0.027953199392717 8.27337032988849e-05 0.971964066903984
"530" 0.0322797903938179 9.84473280830662e-05 0.967621762278099
"531" 0.0338198477658032 0.000106314905127774 0.966073837329069
"532" 0.029736523712124 8.98315338544485e-05 0.970173644754021
"533" 0.024605215815188 6.88139128969868e-05 0.975325970271915
"534" 0.0325144832835044 0.000101080035928498 0.967384436680567
"535" 0.029736523712124 8.98315338544485e-05 0.970173644754021
"536" 0.0352403234656547 0.000109663394488901 0.964650013139856
"537" 0.0353515733751753 0.000110589039909903 0.964537837584915
"538" 0.0353515733751753 0.000110589039909903 0.964537837584915
"539" 0.0356586375475291 0.000111969258053839 0.964229393194417
"540" 0.0356586375475291 0.000111969258053839 0.964229393194417
"541" 0.0374876314547046 0.000119226119312448 0.962393142425983
"542" 0.0353201612833176 0.00011009050805564 0.964569748208627
"543" 0.0394030893237494 0.000127662009107506 0.960469248667143
"544" 0.0352403234656547 0.000109663394488901 0.964650013139856
"545" 0.0356586375475291 0.000111969258053839 0.964229393194417
"546" 0.0357713396937133 0.000112925589564924 0.964115734716722
"547" 0.03616518692834 0.000114362733058236 0.963720450338602
"548" 0.03616518692834 0.000114362733058236 0.963720450338602
"549" 0.0356586375475291 0.000111969258053839 0.964229393194417
"550" 0.035709755522536 0.00011449762457618 0.964175746852888
"551" 0.03616518692834 0.000114362733058236 0.963720450338602
"552" 0.0352403234656547 0.000109663394488901 0.964650013139856
"553" 0.0356586375475291 0.000111969258053839 0.964229393194417
"554" 0.0352403234656547 0.000109663394488901 0.964650013139856
"555" 0.0395268218097021 0.00012875834602967 0.960344419844268
"556" 0.0356586375475291 0.000111969258053839 0.964229393194417
"557" 0.0356586375475291 0.000111969258053839 0.964229393194417
"558" 0.0356586375475291 0.000111969258053839 0.964229393194417
"559" 0.0356586375475291 0.000111969258053839 0.964229393194417
"560" 0.0356586375475291 0.000111969258053839 0.964229393194417
"561" 0.0394030893237494 0.000127662009107506 0.960469248667143
"562" 0.0394030893237494 0.000127662009107506 0.960469248667143
"563" 0.0430034793613706 0.000143326849986083 0.956853193788643
"564" 0.0329906615229244 0.000101744427960192 0.966907594049115
"565" 0.0430034793613706 0.000143326849986083 0.956853193788643
"566" 0.0329906615229244 0.000101744427960192 0.966907594049115
"567" 0.0394030893237494 0.000127662009107506 0.960469248667143
"568" 0.0394030893237494 0.000127662009107506 0.960469248667143
"569" 0.0425525597293603 0.000137775881214199 0.957309664389426
"570" 0.0401442472505516 0.000108299891670342 0.959747452857778
"571" 0.0168028660723152 3.72879419095261e-05 0.983159845985775
"572" 0.0155994963269315 3.6981654593424e-05 0.984363522018475
"573" 0.0161822365005163 3.86079431669599e-05 0.983779155556317
"574" 0.0330051445996049 9.39776794466542e-05 0.966900877720948
"575" 0.0233137790104482 6.45596667377875e-05 0.976621661322814
"576" 0.0323601664176722 9.72052225658335e-05 0.967542628359762
"577" 0.0502051082496687 0.000166286198825198 0.949628605551506
"578" 0.0422090430920916 0.000133177688996964 0.957657779218911
"579" 0.0396711900920755 0.000123064960288352 0.960205744947636
"580" 0.112348136827515 0.000458046077561689 0.887193817094924
"581" 0.0956294806144472 0.000487512957748308 0.903883006427805
"582" 0.0867323393697059 0.000422862521305081 0.912844798108989
"583" 0.0964734807493017 0.000509021676186345 0.903017497574512
"584" 0.081980543028256 0.000399155013731996 0.917620301958012
"585" 0.0810553794412088 0.000389583119193348 0.918555037439598
"586" 0.0867672475403043 0.000420385818250041 0.912812366641446
"587" 0.081980543028256 0.000399155013731996 0.917620301958012
"588" 0.102914186994412 0.000540330162641101 0.896545482842947
"589" 0.0877053701879205 0.000433109194589635 0.91186152061749
"590" 0.0867323393697059 0.000422862521305081 0.912844798108989
"591" 0.0956294806144472 0.000487512957748308 0.903883006427805
"592" 0.0810553794412088 0.000389583119193348 0.918555037439598
"593" 0.081980543028256 0.000399155013731996 0.917620301958012
"594" 0.081980543028256 0.000399155013731996 0.917620301958012
"595" 0.0885751025814623 0.000437606378346802 0.910987291040191
"596" 0.0762195417521629 0.00035519208002136 0.923425266167816
"597" 0.0810890932450327 0.000387280577632577 0.918523626177335
"598" 0.0956294806144472 0.000487512957748308 0.903883006427805
"599" 0.0877053701879205 0.000433109194589635 0.91186152061749
"600" 0.0964734807493017 0.000509021676186345 0.903017497574512
"601" 0.0884942174298303 0.000452106313058664 0.911053676257111
"602" 0.0736005495612924 0.00033463610108289 0.926064814337625
"603" 0.0180566199726147 3.76081353038186e-05 0.981905771892081
"604" 0.0115737240622546 2.10254928548454e-05 0.988405250444891
"605" 0.0120434579992263 2.15324460273724e-05 0.987935009554746
"606" 0.0138437947708598 2.48356781233069e-05 0.986131369551017
"607" 0.012065656428957 2.16859855742497e-05 0.987912657585469
"608" 0.012065656428957 2.16859855742497e-05 0.987912657585469
"609" 0.012065656428957 2.16859855742497e-05 0.987912657585469
"610" 0.0131472389435017 2.42649099886326e-05 0.98682849614651
"611" 0.0112243590504622 1.98224069714391e-05 0.988755818542566
"612" 0.0112051523709405 1.96846795044023e-05 0.988775162949555
"613" 0.0118354672166181 2.11089873350622e-05 0.988143423796047
"614" 0.0120463885294082 2.23800804035138e-05 0.987931231390188
"615" 0.0110392400722269 1.99674219893419e-05 0.988940792505784
"616" 0.0132157307673268 2.51702452081192e-05 0.986759098987465
"617" 0.0102677512649791 1.82496250647324e-05 0.989713999109956
"618" 0.0110392400722269 1.99674219893419e-05 0.988940792505784
"619" 0.0110392400722269 1.99674219893419e-05 0.988940792505784
"620" 0.0110392400722269 1.99674219893419e-05 0.988940792505784
"621" 0.0110392400722269 1.99674219893419e-05 0.988940792505784
"622" 0.0110392400722269 1.99674219893419e-05 0.988940792505784
"623" 0.0110392400722269 1.99674219893419e-05 0.988940792505784
"624" 0.0110392400722269 1.99674219893419e-05 0.988940792505784
"625" 0.0110392400722269 1.99674219893419e-05 0.988940792505784
"626" 0.0110392400722269 1.99674219893419e-05 0.988940792505784
"627" 0.0109334898814643 1.97220158987411e-05 0.989046788102637
"628" 0.0129596296437483 2.43363362230181e-05 0.987016034020029
"629" 0.012739645612924 2.46740777104161e-05 0.987235680309366
"630" 0.012739645612924 2.46740777104161e-05 0.987235680309366
"631" 0.0101493122955803 1.8426025931158e-05 0.989832261678489
"632" 0.0102136054397357 1.8566481339021e-05 0.989767828078925
"633" 0.0102337721781176 1.86527971599914e-05 0.989747575024723
"634" 0.0102337721781176 1.86527971599914e-05 0.989747575024723
"635" 0.0102337721781176 1.86527971599914e-05 0.989747575024723
"636" 0.0102337721781176 1.86527971599914e-05 0.989747575024723
"637" 0.0101889858627393 1.84638244790467e-05 0.989792550312782
"638" 0.0101493122955803 1.8426025931158e-05 0.989832261678489
"639" 0.012739645612924 2.46740777104161e-05 0.987235680309366
